932085 934876 561813 708177 706771 695756 435345 701258 455537 872728 
413247 413071 706838 880592 249062 400194 942339 880462 987636 941776 
669835 408764 408462 408855 551661 861882 406273 406324 551743 861530 
970797 125539 48044 191115 889039 546470 123985 546496 207768 831905 
340871 748397 748193 175336 716433 112586 107281 416604 371420 368246 
187470 67875 220473 460733 896005 27746 943689 669622 947299 515025 
402219 982379 652078 880346 59540 511412 595673 703786 982409 596714 
906750 618842 807599 569178 107468 207868 476215 762217 762237 5447 
376328 325865 323160 376277 323464 724549 176970 695175 803977 181435 
178811 177646 181997 181605 821938 807785 716433 358802 803100 866737 
316210 320547 992617 297239 753170 806980 432201 988918 807092 180642 
4697 762035 824256 672308 689860 824098 609725 609704 910776 923610 
390776 563997 923810 931688 564008 191546 13183 564079 564042 224306 
522078 134090 596084 795468 565610 988161 868867 522080 861121 990875 
454220 601274 368880 563664 482225 562464 562875 433429 409216 409300 
970094 409722 969865 918194 332655 106809 43943 806446 502068 234721 
796844 796217 798456 23370 426178 217222 511690 685252 563318 352400 
394163 882972 117181 724211 803788 579505 865734 862392 862676 481816 
247250 434884 25262 170737 466326 635668 701657 897908 122907 126762 
222535 193620 272436 258797 394974 921304 868610 905999 226575 629123 
587404 666481 929092 82246 601801 541161 860624 928637 481713 448233 
4490 4457 440896 105025 30046 214449 214475 234950 337194 566609 
31629 68360 426465 4957 558357 4784 483146 281276 633279 482791 
364790 686808 363583 452484 931784 452900 526788 219735 176512 290169 
4630 4554 804007 784790 279489 4623 242430 279275 188771 292781 
719083 87978 292469 814403 381318 514619 514508 292181 814205 465858 
426883 426756 10021 525190 910741 475114 514206 321539 9899 515955 
291918 955290 5963 955277 278725 363739 291938 176129 717127 176295 
725057 422521 678265 210568 905060 724824 678649 103965 515173 571604 
5453 555262 555280 556974 793183 792959 640564 678014 638091 715416 
534527 540700 825845 528396 172473 551649 826344 140175 599948 736536 
5559 4995 4962 5330 4870 401179 401031 703702 401938 749867 
5300 330332 69173 70085 497454 133114 787559 684695 502522 724669 
995079 994843 676916 994880 996246 676649 615911 39929 100515 646457 
149480 154168 540894 188171 364563 238380 845487 364021 707409 68317 
5841 5866 6707 845383 392768 76102 791495 641127 393434 15970 
5842 5867 6708 76101 72420 316027 707838 580180 72336 685009 
5184 35716 808138 33766 107024 925739 745448 4997 441231 190336 
5023 5500 5177 6187 5341 978240 137232 284610 160369 173565 
720244 477601 750411 690413 415493 587405 869342 689683 458649 23749 
8307 4773 4867 5214 5163 678598 474658 736313 632378 379937 
672663 950473 995354 543266 304642 807850 832734 924202 877285 779153 
353533 279441 312344 280744 356305 684403 106646 176619 112971 325817 
6302 5144 698353 698380 323021 695647 903061 700737 113009 178109 
754244 740214 477919 754136 379564 477668 669498 994393 746174 734963 
339510 341048 103857 175843 339933 780322 21980 826999 482497 827163 
5880 657906 750523 997994 417152 998162 289779 478548 369606 535790 
676288 88744 575286 112116 395011 866052 138708 389019 5641 129673 
5213 104988 5750 122253 151333 151236 151506 287220 533961 68544 
5084 189094 79548 789068 168390 79696 789691 5138 79580 296791 
5653 5012 6627 412765 412388 29422 356987 575049 238731 758834 
6123 6192 571827 571831 863669 774030 86102 898134 56891 405826 
353210 352562 339633 781593 892861 781199 315815 517274 336721 541539 
351987 233832 339510 323246 745960 745993 459172 101249 862947 367362 
112794 113250 446585 411892 870851 863411 951184 906435 952895 603713 
228527 235088 38460 39257 683190 38490 39351 38397 583247 427728 
308262 79553 307829 279070 279393 419768 84208 312604 79528 105292 
966916 556125 5211 966411 469634 214355 225733 916109 562323 469532 
7237 626572 716064 536562 381601 172684 237441 949157 383164 462136 
6834 6316 6612 768167 672413 768289 672523 830147 673996 830132 
5278 421775 615794 411641 509171 864283 227388 336785 399367 311418 
777151 101592 47079 566368 103322 848323 816034 781951 46221 192440 
6560 838412 838648 838480 655178 825006 449099 890256 423938 654280 
6321 6413 5989 7094 439221 694080 590708 682414 989396 512491 
5635 476004 848657 617044 641183 546683 675309 397755 422008 901459 
992978 6405 782307 606380 52188 869634 576180 781821 569962 157002 
5390 686362 7346 376423 414228 7758 53298 102274 997979 476878 
37790 38036 213670 48146 335382 543283 538358 994346 38802 520776 
745206 475045 743583 814150 734709 477883 814152 528107 323185 741851 
956344 511904 229951 231693 778803 458570 322838 634609 239136 465284 
6124 6430 5912 768112 541740 6804 655162 768142 543487 768033 
5826 5885 754927 795689 795787 399103 5155 887421 217444 496198 
448667 57922 699496 906834 204614 268892 198752 277568 700028 483587 
6853 190271 405640 470408 86188 573991 986963 574996 88691 256424 
7364 353104 426975 437048 314481 426817 548275 724824 831381 55790 
6553 874762 937405 106343 823106 7616 481177 952748 335363 456105 
120210 218377 324333 194189 273005 203370 267648 284144 890258 821033 
908325 322937 581325 988313 907550 30911 32969 171405 468269 87779 
544739 924921 547884 464954 465039 496766 464949 151237 730884 92163 
6070 919617 138184 8069 5967 673324 8486 411888 118923 674756 
7451 591140 7188 900930 610680 918058 588905 420058 870629 66816 
833230 840245 986179 223910 800817 603552 888353 834026 365342 11237 
177759 31395 280953 127248 806288 522375 679265 210676 154577 196602 
296270 6005 714059 847922 414280 74493 40878 6778 566213 905839 
8894 227733 32475 216176 280838 711937 469776 299339 351328 215822 
754930 419010 802125 797123 479889 479823 479638 208081 409350 480026 
807714 642062 73061 910669 900912 424719 253067 808513 526166 114829 
7722 526037 297056 39337 643125 282502 521335 417700 642572 820955 
7098 39462 38464 6901 38545 38522 38386 8899 7065 38240 
7627 754531 811323 7118 823542 825274 187888 386717 521135 825058 
9258 9417 84465 821939 815480 815326 85967 815425 815524 923125 
439826 648328 57569 707795 187329 802478 876763 407337 783564 910423 
8356 7797 511325 806838 792323 349404 183768 956233 942656 863588 
991587 437379 338664 742678 742597 742556 311426 826938 963357 196106 
8419 37970 986478 962974 857588 985312 616609 856493 875276 478217 
849118 664898 691386 332322 298797 916928 785689 332566 625082 312589 
436416 309650 203122 267400 656723 519686 354583 307804 518456 24937 
807683 84825 84157 57297 381144 260607 397268 202377 266655 770374 
112511 911693 768297 896881 37844 37993 39076 793629 280557 207803 
8082 440321 753623 8782 368453 637319 753679 155524 369366 305493 
223309 215818 21005 20974 282663 505511 216313 389863 422050 295600 
5155 475714 9057 474709 410967 475613 411704 7262 5634 7736 
365106 417922 752491 67539 832128 512012 411506 230201 746945 611807 
642707 614360 851333 641279 122290 141685 869694 869927 566430 933239 
579263 56621 378772 433603 852805 52434 729303 442929 547337 378181 
51078 513558 188640 688022 304448 942858 55175 729640 901495 329585 
908531 116079 112707 987365 845979 215969 79463 427847 556067 715617 
52534 600518 8265 904970 847814 541717 116316 115625 536117 814425 
39450 512718 39420 425578 38348 38544 512415 424420 38446 38548 
9090 583428 700826 118740 556525 56783 661238 534160 650728 78573 
207205 963129 814168 920261 615958 709915 971556 822348 535037 623576 
470540 707760 474579 470424 730156 741600 805586 101510 99614 254329 
8601 52018 768763 413638 643701 835702 829592 99401 769089 259924 
414105 384488 736229 875866 32755 248419 735948 32618 32069 332146 
553796 52639 412275 52731 388037 65808 421783 52211 439059 413656 
706821 370872 9236 678197 915850 946259 951029 472205 517794 474285 
38575 477514 477193 666864 37980 540200 38114 539693 39202 218485 
696572 165045 8874 965307 150517 697607 164963 166667 17615 118601 
519634 679323 250015 213452 679140 122449 122433 980853 531692 532445 
8931 918586 260473 888936 425577 808949 426334 539903 910555 512857 
881091 148093 494731 139144 245891 685691 8639 161334 166826 545686 
782263 576208 341866 65052 801400 967121 1985 350303 533622 985621 
8307 8409 5214 4773 474658 474697 4867 854607 352379 352902 
643195 655877 518175 770352 42259 42255 8108 931153 8497 616134 
103994 89140 311515 91969 469622 482505 280016 43944 768536 298447 
704656 23523 861377 363444 337756 704129 365738 337027 363476 321805 
182672 173110 488061 262864 789067 380421 525156 391811 431196 420271 
105230 376106 842070 513144 105804 376389 837739 513472 612886 729682 
79896 188773 130436 110501 188798 126207 678271 279402 232699 341330 
769300 613690 288748 898027 8469 258501 57849 902553 870524 427298 
983491 584224 245332 139770 976760 20849 515221 87631 325241 88674 
913076 318210 320461 290376 321274 914293 651721 789967 301771 319674 
9218 168935 525673 595358 17169 595532 383903 140403 833179 880323 
680650 120339 123866 34306 34307 690145 648967 300130 937314 680648 
134221 716879 713854 989765 648730 673214 6648 667549 247071 610011 
76517 925968 373148 822908 927903 468233 296320 297365 296733 77605 
344680 719246 437150 719156 516540 529246 511522 498095 365821 694054 
488577 455363 496085 644274 140019 66519 171299 501998 404841 235824 
9036 8812 138980 129963 171064 240491 362563 120109 611881 401243 
524261 58893 813949 780464 193257 272073 152581 494414 59148 350759 
153612 978117 539012 967054 154106 967389 978210 781138 574823 73033 
633090 633749 135686 541996 199728 278544 136874 972752 982295 280832 
519620 870286 319064 15567 619624 319835 465269 200957 265235 320828 
176839 201277 265555 582430 320224 501313 291380 500488 51236 316162 
652311 995681 500368 787124 370172 735568 665726 798775 504253 800660 
334524 766750 953965 652357 25321 290244 504743 341145 894936 128986 
9346 9227 95554 641737 95379 50861 878513 506495 887866 327722 
878059 668414 913130 515741 842512 711700 677800 546632 516085 943305 
457569 928736 113668 460190 508579 98120 782871 256702 929735 555134 
9481 9180 582610 413350 260780 581837 38526 158989 89064 150491 
440119 351572 726497 82182 726294 695032 179081 440611 369355 670663 
429941 675797 762862 539442 675192 886491 676784 674471 429497 827138 
648210 647906 779082 914069 647065 534666 604098 252269 713887 412577 
859750 343206 346474 652203 806975 879879 560845 144584 522530 76979 
57520 148982 185664 496360 959163 492552 493254 820394 138946 320347 
9298 9512 8718 781178 158276 158188 485535 822657 158234 549422 
487346 617990 485029 390946 397108 482986 615205 257560 615031 400955 
20892 572919 730552 20963 20863 128913 112038 823575 509911 284134 
482561 535158 688232 688 165418 469889 214886 616115 429712 573344 
514333 396402 75954 741661 690373 392483 841484 73681 584265 976279 
834181 228440 685960 833334 845807 67744 398352 635122 569836 948041 
695379 151231 895337 635264 676254 481870 284791 480360 779178 84539 
468128 182366 490102 679034 917518 113031 467690 287966 376226 376004 
609734 234367 603373 367097 366857 603401 544536 392887 959092 725890 
528519 237786 772193 302990 929263 528439 458246 822077 365308 833895 
681938 886174 522106 905528 993999 36645 911256 538689 906178 681841 
734397 908654 204246 268524 165199 908742 107773 860598 293083 679958 
23724 530237 426541 737211 392029 245995 548516 529906 528815 469824 
762024 762136 212429 998002 762748 762156 219599 645380 837441 923986 
566915 910933 566958 88190 567110 616341 239179 283734 404139 472403 
670975 842018 664297 535797 831273 832706 681753 797773 83761 196049 
600558 843299 20536 842359 470543 619082 843868 387543 404768 635283 
529003 371825 208287 231195 258074 368052 872496 441293 232236 104909 
428155 748530 748927 422243 819561 819826 454897 295224 211511 906217 
833112 443575 443608 851311 950911 837292 444889 837395 950202 851522 
377175 22124 151883 152292 69986 822694 69056 431798 226458 949242 
820221 496033 224792 224902 932229 225426 225251 869316 543644 932534 
620366 741023 620702 845770 795777 217914 804110 408090 391453 628248 
583981 583826 731164 21085 228797 25613 548761 184470 279390 175963 
803291 800931 21890 68600 965132 689911 712737 165995 706013 52510 
854496 498256 461174 35442 671651 770029 13423 663041 995881 83230 
431712 782155 68985 30852 431014 711092 680076 710543 534018 502226 
257067 17429 702825 433152 533829 209255 78588 302256 821526 493810 
562172 286625 204181 268459 773315 249573 342788 231174 229571 708104 
981160 542985 618141 13598 876950 337995 1124 240780 377607 594821 
558528 767958 423669 558443 38983 38025 423875 37772 37770 38960 
582253 743254 428262 854015 953116 906308 428097 783310 910824 816059 
631251 396533 143354 682001 426174 764119 60259 517693 811725 284762 
305247 698507 698652 689038 300705 217817 410830 859781 947304 606836 
248392 211517 248477 618823 146177 211589 32117 212011 249309 862569 
634404 406025 975372 15906 226829 583526 199728 278544 974869 898977 
374554 238307 142982 975784 519356 158907 597831 680227 992478 228441 
565433 364149 821073 220823 590669 821077 431352 175470 180482 438788 
207969 831193 332268 334419 761200 374022 141642 772315 194917 273733 
33867 525288 841031 31028 393359 97061 526083 974394 194757 273573 
792136 415766 645632 645427 490719 458623 162423 792672 404231 919940 
169281 983007 193669 272485 320491 253601 248209 933033 33815 825597 
7491 844554 156627 532848 515010 981510 206386 270664 515359 513537 
834062 648444 833609 610175 132792 755769 755369 566905 836243 830489 
806918 380346 806653 723121 978419 806685 432124 466897 731030 517135 
88826 87999 254218 210612 84252 306673 581741 524612 327667 307802 
225982 967074 164031 678815 626551 485927 505328 402116 795271 486343 
322843 529532 551007 860961 242719 258159 413500 216986 88564 482184 
20723 309992 94807 94939 935790 94940 256502 900561 448984 969871 
324884 601658 780277 696040 803306 934511 895306 473548 367461 314013 
764342 883356 33423 491364 248672 350069 522299 522859 819596 231419 
964228 385176 670560 678098 972319 663573 986871 904984 216622 52155 
620044 141565 978375 334090 177465 760476 287568 403912 344547 759524 
824844 824960 942410 734364 252614 35826 833311 825109 997169 251682 
855136 467245 537121 571615 914601 537543 560545 54664 422219 54501 
176331 658774 136554 866152 629141 33937 371960 419098 151619 434905 
947639 580306 335063 124893 231688 606225 237287 55802 450517 237223 
902479 902143 335064 902120 319089 475278 416900 117015 118464 714762 
193524 272340 690484 174614 85685 174609 723992 396975 667873 30440 
160527 160191 185213 886274 980337 370054 634663 288523 65499 618029 
960303 141037 160535 593979 556900 177663 825014 653127 878619 446595 
744151 398678 11289 87467 209790 205897 270175 403310 209530 696297 
170149 231273 389900 261699 151711 106282 735157 12439 200851 265129 
924968 925390 726289 308815 433287 208924 441159 293798 751121 262380 
200181 264459 562041 199811 264089 191485 803140 191610 561222 13183 
510083 289153 247600 838771 19402 843279 907107 906878 377743 230252 
494574 501735 688874 748670 797153 280029 433642 819850 682184 925025 
484703 408775 168684 229417 162401 158929 177715 112365 230648 685039 
687256 69315 59303 997462 402733 813694 704574 705800 629539 950268 
922838 167790 10756 166882 226737 907595 240719 457621 861852 935250 
351372 297458 19911 529683 293821 318242 78465 161209 529860 106416 
484673 483597 482149 486746 687490 400579 965379 694227 403427 582790 
176263 176615 790597 922047 698979 287617 922909 757354 698629 978016 
663045 301488 172105 32190 134766 332275 31509 588623 256466 84582 
165096 960954 164996 183717 333749 585729 148896 624551 398319 783216 
422219 422138 467278 807848 467257 467276 6163 441108 6407 375158 
460147 284578 492037 240621 283219 386331 341948 21210 808224 808449 
779083 779019 778916 799881 685140 782518 556944 770184 685735 778858 
711339 208868 209494 710027 248660 208748 526950 215205 329288 964005 
822700 540293 579291 367084 310 344325 162208 214558 709316 579119 
46576 290821 893285 623837 923041 893019 501740 836337 198846 277662 
904857 478875 912576 846890 637283 411898 637459 476216 81930 82132 
587328 586504 870134 713024 861757 97447 402542 116616 424863 928584 
89978 88023 596468 567 596526 551459 982912 694637 15513 877506 
604041 822791 796180 932408 603916 869182 660419 563813 278897 73574 
480326 982648 43368 44301 490842 983015 282585 44719 608001 42890 
958347 90102 324654 597793 584392 921855 569106 131838 233914 976124 
844991 776246 21635 697109 711630 161623 128532 195010 273826 98532 
182827 10747 827581 978134 890304 884386 148224 226838 965521 784323 
556948 604048 284252 609785 663012 406297 147091 19047 106957 130596 
116311 323689 230215 434088 730679 694973 160967 434845 63740 465579 
833526 512049 231240 632657 299638 225309 325821 623261 69176 391064 
739752 734700 564732 247455 747456 745333 479537 421934 947636 328288 
806419 88525 738796 59376 490414 925679 60242 496227 59744 930732 
809232 30916 615284 521584 428917 24901 532502 968350 97784 966956 
750376 150126 749492 746828 149589 166034 603950 727942 972522 996673 
2322 793416 700373 701125 226518 400771 378225 164061 403935 533785 
376113 376336 170766 725182 352869 934030 573322 933861 134586 530286 
776650 342087 714071 375001 967506 665822 603841 343419 664917 608522 
131391 844222 749275 750970 467440 836823 131220 836434 261397 523546 
518664 879255 185915 44736 890900 184837 304226 401531 779699 357182 
460828 860383 565548 78261 420345 566084 109006 551117 519226 519231 
308002 436552 284691 361179 481090 950535 435393 582411 33290 595487 
318116 432985 692171 436309 432160 129269 253890 809019 399745 838975 
795030 337664 177287 389908 846635 748669 451523 389994 339348 177641 
833728 848188 288542 339908 567610 559016 560274 291363 612547 258839 
171774 803533 865588 863653 176943 665710 360983 173087 932959 729107 
122505 396308 524446 208680 895502 181091 195645 274461 895426 782249 
701190 687323 687574 584657 173002 424200 994248 856372 88691 771309 
562339 622199 621828 722699 762870 772262 900579 333538 786265 517356 
734391 133862 8999 161126 118643 47531 994371 676056 767346 767215 
975035 975507 638229 942004 848893 424530 45930 819416 554247 484214 
902536 521632 890905 406681 353328 602196 960492 920620 639452 521294 
842588 932069 587382 931723 169655 678602 745943 861419 628581 140608 
461925 697046 589971 253361 425949 625764 638605 326795 362849 774379 
983296 12966 416662 98801 967110 439050 840781 381220 199069 277885 
738355 695743 481219 306404 744102 351703 738502 480867 113799 695048 
823928 965023 942078 498444 572936 572991 958101 594319 731341 103318 
260713 4229 210539 289024 303929 84323 86757 181807 864884 870513 
128826 948156 690187 155932 955206 862110 181432 595951 135715 579965 
855397 115414 629361 158354 718849 970674 587197 946742 847478 633126 
180780 389041 458580 79862 151367 439627 519770 205279 269557 740698 
929681 930001 78712 354714 460787 929958 471969 362163 898119 90735 
197829 276645 118467 465303 943521 416143 964131 85359 376707 508665 
670056 886398 913252 869884 886879 746920 732670 781360 879325 489011 
131547 131172 132310 132468 131328 131834 135830 582701 451018 658025 
801154 680307 125847 90331 694975 406838 778956 126099 146168 406767 
333651 490582 440516 335090 962617 286516 353006 21588 115182 181535 
845397 130 977333 505587 812501 42177 584481 239553 565564 406157 
401420 400966 206339 270617 980582 401199 563743 850404 121002 561351 
437551 436621 396535 403567 682071 107793 109092 402996 539707 12965 
222214 137216 135473 133606 235757 146158 735397 543195 414536 222445 
867958 736937 727022 903795 991136 325589 187851 490762 372316 245094 
281244 203611 267889 967158 572559 661909 728777 937998 662585 661136 
978603 395843 460376 978144 932460 963829 704348 461765 216503 692436 
615735 224499 10068 559796 505118 659488 224225 570190 923160 401060 
842648 857158 842779 842061 226350 885780 977604 679864 883798 842430 
390644 294077 941381 747619 97482 122336 255100 837271 296515 915344 
455629 74598 73438 706393 681422 704858 225483 552162 63670 243306 
877820 878116 503232 226216 381458 684895 746834 735116 838923 574288 
376787 726268 630265 346794 727010 789086 376760 167872 306918 437419 
514702 732195 742001 741612 529322 452534 533221 543092 452334 486592 
732952 425536 465132 427135 308817 251155 68879 682536 980343 703866 
171680 171114 227294 391187 171595 322559 227213 973188 515919 874424 
226525 842516 400347 878647 61100 397958 226590 879923 791225 940811 
156229 697186 828036 726745 727837 15745 503046 635988 682417 394132 
670527 997117 473943 670279 441564 473383 283377 680014 640100 58119 
432345 210071 876751 919075 436790 888064 198272 277088 18358 894829 
842918 487424 464322 60347 52779 59514 522648 142893 847084 883735 
523552 483683 500546 201133 265411 71536 765951 73703 853327 396482 
663407 963987 395831 795916 852601 679222 78379 658560 810802 160163 
934313 58176 58048 65866 709192 63259 7912 694357 483589 58076 
129935 124139 127090 205296 269574 535637 89957 127729 392116 459568 
907698 908416 731306 71749 61454 537874 537589 206743 271021 428649 
843267 452266 506245 16124 683607 452338 977969 254201 510385 731641 
690502 766029 587967 860777 514793 514908 467996 846591 880530 860087 
739560 456300 812169 73438 520173 74598 750203 865298 157068 628676 
972038 315900 145675 181710 843179 96742 431668 629158 15589 520085 
565419 577093 762074 823749 865410 565476 400020 11360 224462 40168 
15135 15388 13415 12990 517639 426218 249235 283200 398777 680820 
15081 16418 14881 12862 169114 241966 74926 365340 516485 236566 
15298 840102 434711 843322 543543 97657 201976 266254 519813 633976 
505574 611665 219148 448603 548647 404068 22518 174658 107647 116580 
663446 758896 122427 749444 900469 836240 659266 543731 679075 225442 
683492 841562 846381 955807 846472 68616 226459 595476 689489 852770 
16109 14018 16226 420182 988851 371060 130595 115809 818092 700193 
111843 504233 398792 128533 399191 753082 589796 402941 698983 171696 
989268 64264 974840 916844 226534 844566 844489 125163 208310 966128 
13485 532636 322362 730565 925543 15546 248468 730822 870724 967996 
15904 416422 720952 564102 720081 548828 541882 193986 272802 678002 
13660 122277 313933 94066 488889 311910 19562 514196 550312 551683 
730788 702227 813383 860560 812852 501937 375591 21429 702432 707662 
15900 15224 718886 554920 13796 13001 14932 718510 747896 555028 
278954 279513 279130 514125 426905 262030 503895 804080 520154 804032 
330390 574446 372756 920189 584860 326511 70395 89032 971942 21072 
16949 18182 313757 823936 901349 344057 18378 755401 37450 44889 
124724 430109 9214 106725 125060 261563 280865 106553 684472 708809 
844212 210166 539737 789472 209842 209946 869713 88776 725447 497472 
931631 931702 389882 174778 922388 486208 17475 178886 16611 174603 
331568 326564 328134 328304 531092 13121 21786 753390 23272 529262 
684906 769504 635099 174890 238073 174734 859410 685291 141856 174771 
393768 490989 392908 561219 560886 12903 929760 75044 122828 783362 
91707 205497 269775 890377 883181 16979 955483 941816 947807 560914 
16527 754359 16505 459523 16672 104861 194035 272851 143749 953858 
883519 766246 603814 608192 958772 603737 858882 608708 390646 663975 
223580 743909 542633 109315 738315 15330 64931 564329 13390 912547 
88629 180821 695057 862675 180808 862391 88909 870831 180895 730202 
850738 953695 822790 431581 481347 886081 502804 130872 223520 571979 
17479 16574 16594 16801 16903 751270 883474 331024 747063 595468 
352261 81230 322907 392306 859963 279034 392324 322463 322588 526815 
16637 17031 16764 629841 969727 513405 629449 620801 63430 969456 
948692 904028 166903 312561 750450 165886 941959 948411 348486 313128 
17148 17849 238630 229270 107505 725318 726490 781359 452648 237034 
462917 690490 242231 525743 115528 742202 599185 921027 723171 690785 
16540 659008 97076 16557 188729 569251 351193 431305 192979 271795 
18945 95622 730708 856376 92294 346309 198542 277358 911610 923947 
22186 842268 931774 528935 803804 70343 207588 842320 940607 548765 
551368 789473 840260 203213 267491 842597 842090 871064 467195 849833 
230025 685591 132430 709654 877085 238439 663276 310402 484487 13739 
202621 266899 942907 314226 629873 201035 265313 943203 251418 71320 
93285 546442 522561 372224 809508 336706 973019 87252 93905 336630 
16995 16576 929179 376762 377321 469810 576496 469827 419329 838997 
17726 17178 416240 17748 64151 777967 749522 17341 573218 622100 
17131 16984 60467 60557 513687 513047 695261 512702 993447 702647 
64 465756 160984 169048 348138 168566 323980 69738 51 479020 
829671 557618 421547 455253 83389 358499 82554 326024 92994 803435 
682089 491967 124854 489784 352919 368052 469452 841288 907178 351593 
883937 474026 69955 307944 480464 793599 965323 160833 562593 236336 
876815 554423 553443 851428 484938 810586 851841 934087 932536 966109 
877330 739248 911787 921966 909821 913001 87472 914630 15719 843716 
17820 17608 489220 863365 751600 42221 488857 628393 483209 618429 
883795 952132 999785 224080 499108 412988 490422 944781 188279 223784 
753678 836559 918678 532411 466537 951209 576325 407351 575731 129950 
988732 153632 978594 884344 210418 992263 588430 665953 256052 666124 
153931 931512 434519 433292 91735 216703 486742 126385 65403 658428 
17428 17171 16870 14303 205288 269566 832431 226578 69618 678417 
16914 16947 17311 17347 17087 593559 146223 146283 241834 226294 
585857 779093 429401 779375 988901 212449 25817 443556 433764 14557 
16792 16739 748306 415829 524947 410814 515516 227743 186698 156982 
312261 320265 321050 311008 929313 320240 158616 429896 245011 309673 
513478 649767 800707 112038 246356 517499 548112 176074 192291 171586 
111927 742041 82549 372223 547694 209990 776308 956518 201237 265515 
101705 887817 888638 428771 639155 638982 375194 858516 893816 428732 
18639 18874 405479 35927 43298 379104 106194 379332 613611 865702 
826639 377715 129132 423640 796097 515203 130255 385907 941993 865566 
114872 703391 949359 943580 180760 903013 180910 228535 782092 229110 
17184 17809 233097 153216 342950 137766 668831 224235 303918 593569 
196147 274963 686671 730792 731263 984112 473437 936583 2473 471922 
403592 399540 947327 112913 662266 156705 300677 598083 13383 532889 
683787 680451 914117 60364 199368 278184 877075 918543 916590 941432 
367675 359141 709330 322234 833787 357760 134574 16182 915842 723937 
193816 272632 823275 947753 712213 109193 126525 224050 948810 513699 
18333 213763 954513 213546 938851 223958 394304 564186 739551 561229 
600164 131717 297702 17684 504516 198982 277798 483311 727424 546713 
871337 864108 863141 871973 863847 729080 872550 154262 916738 220048 
397368 170908 60946 64085 663212 542496 748474 663050 778461 183888 
954676 524297 89942 706638 771910 151028 493515 989186 630542 836825 
502450 32084 169053 735409 607 294314 630795 377030 449605 140494 
912111 204864 269142 207619 46521 803804 22304 683017 842007 737922 
636151 633946 205027 269305 633703 12979 491934 736840 202691 266969 
17232 18088 16802 192462 271278 16644 923810 202196 266474 69380 
251606 198476 277292 598881 28295 873000 376237 870659 45501 930622 
920718 920940 316309 454789 875798 316026 377355 915259 315922 288113 
579277 899345 294102 877655 968580 230212 181329 564633 950747 957394 
506541 421463 421176 323525 421291 421770 506181 421050 525455 363817 
72793 71712 73807 455333 415976 748184 200220 264498 201396 265674 
219166 112847 219149 630175 219372 19397 143174 972948 209890 186039 
18536 787265 629677 48019 579379 436667 14458 259999 629371 844662 
690379 908121 844788 844314 867139 13585 517928 985903 690516 749071 
249712 386439 386308 287614 283336 284857 859646 230943 283443 570475 
15144 465936 735989 123402 867869 843644 735792 196077 274893 811170 
510088 811819 702113 876050 286157 959810 431841 512645 576485 354219 
503482 523899 431176 881579 482628 484817 417139 880868 107212 430554 
799436 719345 62863 799601 237141 832779 719261 808428 438010 739491 
918287 938897 628540 629515 989600 841563 989741 781748 908348 201161 
761604 885820 78495 761241 396403 74338 536253 544186 729249 885773 
159977 325003 389776 979574 337424 202630 266908 636967 183250 10151 
440494 72549 595392 492768 492535 598775 430655 631150 482720 936966 
480651 166921 972936 932766 205372 269650 139025 987048 96069 96680 
18797 18492 809025 702965 871545 929872 585673 929647 135862 136495 
663562 632828 632623 491293 811407 787137 162541 699827 670275 811428 
325765 354660 247610 859758 305522 983384 775589 239988 341874 983151 
703799 705488 869089 703533 562567 748539 682682 160680 111327 748338 
361910 166609 424738 524283 625679 584099 165936 116996 626690 21275 
432752 682135 938883 73539 797025 710346 775772 788278 737307 733546 
753717 753844 511192 874481 35172 231975 725983 239134 687999 371557 
866845 56966 874003 949974 811430 633567 948972 196521 275337 477727 
700249 699860 702252 701132 63434 599341 338201 60412 92884 59795 
729154 481712 698418 222380 197467 276283 713946 872706 867039 850147 
968826 168760 171119 704246 844032 171736 669708 881048 14053 16023 
835326 174171 583158 470242 188948 680868 165408 315909 691547 437452 
825937 946808 228050 853804 562786 297292 98063 239307 880232 112736 
663590 594469 663448 594694 771655 562721 617515 960716 758887 617489 
598341 329170 741712 670766 739730 739428 868003 539092 765269 885981 
693557 492911 209204 205333 269611 938491 335275 692714 945970 778534 
209984 128487 236186 410147 198331 277147 326955 669313 937863 392652 
541869 956544 690998 182704 690782 915670 249454 930075 71696 690540 
481676 451329 532352 137888 451777 290369 391041 400426 867072 404554 
512401 724866 18792 724777 234721 458802 341449 30625 340257 528151 
20875 20795 20778 577815 16541 26468 157531 833529 242420 176472 
895259 842697 703276 930126 256194 895274 896233 504491 746020 36210 
22625 22323 20942 21144 21066 20947 22516 620410 393984 23043 
20891 20862 21035 684226 216395 684197 59258 208829 363954 305348 
21053 20873 448467 471995 617405 414745 158520 141041 853737 420415 
21191 245694 529932 802150 308366 810942 323454 130338 243142 299731 
21044 21020 22340 22287 140425 36650 21286 335240 21858 22300 
21033 613785 936930 300338 97425 824398 956348 98050 296787 437899 
876481 562068 406879 929132 224710 564079 929470 930435 207750 920538 
353286 894981 754067 21827 966901 526503 16220 750124 894977 932655 
635433 108571 256360 255497 126014 173506 156021 972947 748230 391862 
854227 854435 841820 842204 800127 799800 840431 558278 984627 21757 
630843 840928 710520 728852 486151 695588 123971 541913 797239 130229 
21572 21606 21836 252624 905414 206525 270803 997220 202252 266530 
21846 263952 600194 246298 916226 407768 338707 407667 242938 234925 
803654 674425 676679 16286 539418 590627 187541 732878 710620 809282 
704742 706585 107198 547579 599262 785168 282618 544007 708338 173490 
21402 369509 66521 524004 829165 244646 20263 531225 19826 610737 
120153 918435 471130 697663 790720 420029 214370 474583 474625 120296 
929589 831618 398923 929518 386026 181023 449593 927724 806561 512048 
947836 435485 948407 575653 805576 434847 174429 951727 16479 4260 
127302 986215 693070 718835 937831 334469 333560 624115 726850 110913 
575404 577127 993918 725721 967821 528075 75783 60014 144715 919982 
23337 23087 968092 152641 152168 122210 979255 829834 694771 348639 
855868 506947 857434 810446 592271 974211 575803 913663 811757 405145 
515288 514918 70773 15915 408599 837147 932806 546860 877418 181116 
683266 984835 633370 683235 683375 493610 413224 797431 944445 198868 
490524 530166 490877 533751 292853 528724 5137 727909 5083 363852 
157735 638079 815404 815448 815352 95883 814713 815297 815333 815305 
754764 51429 30149 151269 615563 4624 321455 4715 30280 79494 
501910 111846 112026 94319 104807 547062 54680 30645 790737 615135 
366433 367441 366335 484343 748649 663552 391749 121913 615409 278698 
233549 529929 635064 299457 424710 723897 233463 505867 105842 629224 
537099 122155 51289 79384 151753 537470 151358 537606 158216 177288 
354128 522575 83037 819605 261503 151508 124681 516813 760731 240918 
847215 603722 870998 523705 524271 941458 846423 114700 25484 104712 
521152 898299 466066 430518 402428 448639 784543 262013 719164 788247 
170267 621271 88232 720352 429094 536468 709138 815224 85441 523115 
617534 201529 265807 709344 751478 449218 449827 630845 45835 219191 
833133 913755 58256 697873 788562 58187 62169 961091 58172 641140 
916293 224648 915695 921716 842591 916240 133154 883928 440495 828845 
297045 156520 614525 461510 205103 269381 699721 883254 540543 125518 
426536 806085 522622 118519 708799 495411 819136 326056 982842 567883 
161189 297183 158392 799650 962720 750968 228363 312090 183061 114302 
676946 673747 191741 836322 831994 833163 568171 567318 568108 373737 
530515 372234 548473 86903 705050 22222 369942 645175 932306 39914 
833735 863076 673445 833209 191004 568828 568991 836323 566961 761867 
186456 650615 603972 649137 766400 426639 656395 703044 652679 651054 
318431 320477 668298 670149 940867 978892 588770 668944 511797 512314 
31222 178415 16649 630477 501897 476357 90139 610311 610982 578264 
490709 494120 229073 443711 26894 775386 490091 338148 103626 103595 
646776 978591 423390 915753 983527 423377 472025 915678 915858 925279 
659157 310803 347488 534079 395670 110032 332480 330692 153656 332455 
540819 517291 249317 488209 602087 527610 528249 488641 491423 504333 
155943 368128 844589 177844 630166 691115 203403 267681 947960 533625 
622213 528045 186408 642962 546852 550051 439442 172794 981002 186595 
156334 122003 157182 122083 110892 104858 389910 111801 544494 121995 
783656 885034 165978 115300 621569 567418 137378 562698 826422 538387 
517105 471622 632433 518921 338606 792972 516952 790074 632506 898908 
838350 881648 882069 676880 207913 657050 657608 373794 7675 676076 
648488 116772 503574 382507 584568 797852 657615 969755 592455 577772 
353227 386337 991895 366192 187020 697511 353353 476652 897209 861895 
991988 28451 365610 896474 102665 103641 572054 285556 665718 653368 
843394 833438 168733 731870 81767 913141 184545 5120 470373 436049 
428606 43021 207134 43121 428569 101577 655381 655942 655064 378670 
396100 374522 934632 836293 320859 834172 823213 318450 836393 748361 
391738 391736 915503 598253 715386 514520 677834 597454 327875 94394 
876360 894979 924886 432324 452225 458687 364372 685311 385532 876399 
88463 537292 818247 491192 252635 683645 371922 706577 425866 809121 
790439 41821 118416 915536 145587 198252 277068 212682 653998 542959 
45781 852872 1858 747161 850933 850630 735679 690803 795692 735842 
986642 964378 153849 533393 840004 296132 152891 939534 812885 110242 
405654 125561 380476 612333 964863 614060 117757 405254 346715 354357 
94268 93180 902991 709667 911967 650641 47228 777857 505310 119719 
652973 575399 684485 42637 308712 757062 390725 186908 436066 756859 
764312 689987 575110 662520 689927 157785 51533 130472 605129 607115 
626523 858703 159385 43637 239369 998218 134544 99799 858771 438905 
533063 467072 467151 771519 845152 956747 700013 248830 418986 311846 
933047 680953 933682 934679 165198 171394 400275 915496 937528 412816 
599690 19014 314171 310384 503354 310654 550692 742287 506435 196914 
38432 478632 39435 476269 478663 38582 39441 38375 478204 901416 
700863 495941 991250 494142 237375 450117 228098 413953 230202 305776 
694724 399795 501326 283976 252289 723539 998359 985416 844708 221735 
142179 25363 732385 849383 569142 24722 142729 732318 848740 662557 
762608 207672 213872 825329 789401 642480 896521 642074 642099 682710 
426846 458018 989828 974889 811500 914668 790838 24339 941454 433722 
796788 468097 94537 582975 747265 206227 270505 832838 581028 653026 
853559 853942 824592 535850 53464 757552 642792 837420 846486 824472 
330309 609478 204920 269198 168085 993996 546674 120596 994075 697991 
415751 927764 707303 313740 727143 121648 544055 597300 112914 375394 
346457 810676 765879 346153 543373 851270 800742 892652 349263 361363 
151385 151501 481487 93824 122755 293494 91969 530765 97467 152064 
716289 258945 720920 96773 46613 328020 165954 11283 96850 496374 
99310 112433 603954 754647 99462 192383 112870 192390 190939 39787 
100789 544063 565327 326833 543948 331168 609019 607348 524109 544005 
590051 684842 631874 951894 751678 459903 803420 294238 521053 634372 
834921 749184 152786 34888 162730 527473 527441 387605 228104 775725 
890871 406754 771593 212415 335531 927713 952593 133000 110590 771406 
424248 447883 447156 424073 447722 907035 445999 994080 447428 446055 
708924 562158 224310 904415 560358 668360 562240 560738 682107 910953 
941614 704472 893814 831609 864268 956618 212050 983579 852174 210888 
724784 281725 122963 151235 451896 123627 338796 51282 724653 156496 
31109 31356 600512 284603 84726 435043 436840 393043 393459 756859 
127184 639578 44786 44582 639621 573690 740774 771994 128634 168016 
821951 703151 168607 168423 168521 151368 903656 336742 466735 466290 
429807 26954 33078 30235 33000 30828 551686 525136 519317 30349 
725395 239535 480256 405333 468094 725800 962142 786224 230157 931134 
397070 336801 940945 353119 200993 265271 104389 497239 122296 636056 
353320 367254 525409 259921 607069 307275 742747 505371 306549 496163 
784848 784819 658137 363403 79612 825635 528614 79509 982233 51541 
915991 101006 99731 99856 168710 223802 987146 180807 753545 987248 
31288 595682 750317 765919 628035 856148 621693 132744 714561 17944 
720503 807242 237628 997385 720173 608894 470876 682545 571698 799436 
71653 70327 633823 966956 633751 168691 559081 633456 73753 708760 
522531 522318 16687 61961 915497 286922 192006 280512 60071 563350 
825845 826344 825758 305254 436113 122006 122100 305439 554654 168607 
488285 247772 364799 364579 497809 236552 497644 498569 235842 366033 
678335 118203 566791 467437 558977 679411 581124 994933 23852 156890 
83191 523537 307872 825498 142544 32170 504600 790717 306171 106767 
427775 174734 174771 965311 32313 911752 143464 534741 174798 81085 
821134 821265 821099 584219 813387 103620 103520 305516 917597 170225 
487278 68019 773364 577975 77110 992090 778539 64012 611543 772652 
32520 525867 98831 927250 514728 339826 62486 83345 16449 312203 
107229 125090 494820 45299 156899 637427 357645 6751 831166 538471 
80498 460725 740568 79776 464929 459623 459567 722376 525743 740490 
900580 370539 694380 482908 832498 684844 553482 331647 995410 542108 
60908 188647 34793 188673 806998 235507 288584 241635 369789 967518 
154044 658356 426763 31158 574401 648297 503310 519683 87161 128585 
553043 623554 110349 511343 521653 480905 383690 310835 987212 3228 
16121 509746 119626 398661 703312 119180 522235 633753 168536 482901 
907929 236146 475420 83494 92147 417699 428317 77686 84000 718475 
67579 399070 181355 67924 751220 723615 392378 197718 276534 694616 
70761 173010 965763 506393 184593 194545 273361 659847 65110 765126 
811081 612461 256402 178018 871806 611846 328297 611228 328287 255268 
453808 295381 475696 181579 689565 751193 724663 380005 31877 751748 
783652 559483 32952 865660 783144 783958 139722 65745 630096 849829 
21406 31254 332448 616124 31848 940354 616247 21315 583038 621950 
402876 202038 266316 255871 10719 12999 110311 848507 403080 616694 
6379 533371 945260 307019 949663 815150 6033 371510 806216 187549 
384067 522428 30802 155138 522213 32657 177249 29609 127107 419805 
498871 497958 988372 497576 551108 61077 15395 987917 60613 198207 
796110 527231 233505 72797 622855 516134 795740 189904 393055 74521 
729911 400937 600886 723788 954045 723426 397563 600881 804039 406902 
450055 119068 864633 657903 802893 141454 604942 9403 775122 119301 
263339 398348 616562 314980 148962 187831 187799 505339 784700 819054 
471313 555894 662086 879409 571238 298180 627160 602258 370229 480692 
627172 32096 869921 959309 113840 656766 671241 621239 656626 450191 
525978 36284 617638 406577 600971 406380 525320 98811 738661 662709 
36223 883324 540134 631369 671066 795133 914338 449243 83200 131965 
194897 273713 690061 205022 269300 452099 989445 333322 343787 741591 
80553 22435 326534 693766 129725 463916 480550 21097 584064 77045 
454074 775014 773463 453672 607182 715006 607170 286885 250034 532692 
36797 37062 36631 209201 965966 203838 268116 151430 965309 314076 
132583 352018 353099 297083 37162 729009 955447 684063 353037 355721 
36643 488565 169681 364967 399119 711759 185837 515339 384067 8900 
207664 225401 841611 931606 922585 99219 226136 207699 780493 512000 
37041 306158 497763 305995 577524 6172 836207 278898 474462 466172 
37134 233033 541617 881797 37364 541945 254450 543844 881197 542170 
647903 250718 30209 650477 889167 914753 653451 906397 241771 646452 
278747 30206 250716 182666 653128 653452 826300 821796 648804 987314 
789026 554887 554724 94869 514758 973091 446209 278670 939072 857271 
721300 553744 850957 508880 535863 349907 850778 54787 51219 389021 
528899 708845 528880 400843 932246 325591 516637 535560 100105 535794 
905264 905568 446607 446092 889462 970289 446030 191357 916366 13902 
37245 287515 433557 431349 697323 806375 714439 577971 520392 497044 
60219 300526 63164 574044 192584 271400 436881 60086 686581 452713 
499476 855380 632234 637356 450460 498426 365261 474462 632558 635084 
350498 80857 379729 336671 379502 704982 179496 169689 488295 776800 
612423 439312 611520 187184 518236 571417 815500 516068 500693 154569 
560395 188551 36933 117671 68032 36750 64728 361933 830073 112811 
141826 143932 191828 122223 522905 122490 124868 16652 751605 705941 
20957 705067 705240 488532 186917 618661 974818 186763 686254 509261 
994886 491663 99455 99755 201269 265547 373674 618233 202689 266967 
913293 439278 437496 436086 912692 176696 859217 793068 712052 637051 
402031 344531 386031 562186 597216 477973 537944 681211 398133 124712 
37488 36938 795211 560987 761223 32011 551352 36946 59077 16348 
37476 298221 376957 196385 275201 37556 37449 731564 322280 634692 
491664 491906 541819 201267 265545 629429 404364 455762 819679 518620 
678085 947354 523593 522840 752152 548897 729206 941149 948243 393678 
2698 586350 515477 522924 435196 513613 525348 798796 139648 837838 
198631 277447 122926 199734 278550 196638 275454 122342 225073 195408 
855717 856509 856149 945809 540784 74693 858107 913221 539031 87219 
37543 632166 141221 831856 830154 181288 385266 867653 246386 854957 
395830 377399 485681 554412 162704 729004 680055 401096 143690 124123 
853283 853564 259987 129223 338716 579950 137040 66869 298010 668657 
415468 279704 279286 158463 607219 428124 896205 125621 713673 788657 
866018 865372 543830 543656 377854 543814 865470 655044 945132 999486 
38622 820581 167966 167906 47579 478776 379907 731023 751455 837974 
914850 909314 589295 788074 415757 905335 378621 654015 654101 54786 
857273 43636 38863 993620 38835 546743 38871 823616 681581 37813 
38903 37825 37884 835494 38843 886995 56154 37859 823616 384938 
37930 37882 896104 39108 767920 639940 423576 38743 604764 447104 
38921 38751 442760 216481 37894 655103 6745 207069 767844 571671 
442435 540531 848186 782053 102951 558923 824038 764314 922545 48318 
38089 37991 37930 37649 6488 38196 848002 216547 820669 767884 
207406 39491 476269 39429 38432 480079 478204 477435 39493 476148 
52854 606022 53998 538546 605923 386528 981851 56636 982068 378852 
39440 892146 476774 480163 7634 476423 477123 623140 476801 768407 
38527 39530 38465 769158 426120 39485 39372 38395 38518 38550 
38566 559162 39420 39416 512544 38446 888937 559379 559491 559355 
890354 893190 890489 448954 890112 890692 568816 893031 449098 890255 
893190 448954 893031 890354 890489 890255 890112 892966 893177 862417 
887048 673432 423637 569685 654791 902878 655799 656142 654135 423721 
877493 82227 236820 884363 106199 24340 877582 58550 334697 877483 
478104 478252 811014 478364 687736 477375 54044 62664 476979 790632 
638904 8905 127846 129482 149445 116025 43408 914565 8792 827444 
430217 631462 754021 641798 957108 108396 44926 45687 124354 155664 
250640 809425 518202 513844 740738 193124 271940 296014 679423 298866 
441661 441904 50784 229205 894312 310033 173426 558843 57215 45354 
899023 226258 899031 889585 210442 885838 566429 210493 996944 933479 
540571 220290 579563 197397 276213 366301 237583 966377 966044 221612 
448530 427522 68519 475021 572037 137699 536153 429366 536004 845491 
419333 518080 997395 403270 519810 997517 279216 809717 519933 510301 
40784 40696 40575 253531 724173 860466 65542 16769 15194 691638 
661651 732201 730534 311448 463919 514886 456780 838985 87424 312782 
717671 25865 718282 415276 800758 829569 166582 699681 898353 800680 
718282 568912 401772 983376 397941 398122 662039 660650 222255 967542 
191139 191057 424355 764018 536070 423874 442397 423657 890344 536131 
654804 423694 423570 655716 667189 721248 827862 427670 478175 905326 
606956 323440 294094 373582 113158 656364 307925 373478 142628 373484 
960157 970484 814420 443053 761799 710302 754647 823952 751474 952625 
473932 472383 470883 472398 80630 103367 530423 79700 378695 79960 
188840 237186 237031 681031 228962 958958 423001 929788 237307 694156 
291969 211028 776973 291924 69361 724531 653029 222193 475012 422516 
827286 428666 642304 428590 912596 442956 616262 893144 906790 423699 
585214 845425 585636 249186 23869 661217 708902 845422 585587 100533 
374360 375756 38486 191362 39237 38216 448151 424420 39199 43501 
684465 916004 684656 499129 215821 458809 915940 617865 617867 219548 
656332 428591 442926 656132 827861 642305 471277 893145 423445 828914 
893461 188840 189438 189131 694156 189232 631294 994488 661522 958958 
949614 258039 949106 948929 818299 979597 949366 979277 840960 70159 
81126 81633 138063 415683 80997 751856 710421 417096 407467 648579 
467437 364967 492023 497530 815736 840467 431275 806138 350562 506585 
854371 992052 999427 552962 745381 543329 777313 639941 905587 795101 
993296 767210 835230 830224 649175 833293 960197 787092 612446 838974 
237418 230197 605227 584402 584226 351327 428619 448381 428583 427123 
895794 1536 795545 247809 933044 640935 640389 200263 264541 771625 
524151 920638 166417 920076 134111 853132 291450 147777 975500 814053 
638447 711008 710700 604447 604793 710279 604288 638425 638475 604424 
910025 556173 909761 635485 909980 229865 767360 421064 829204 914614 
638475 638447 711008 530742 604288 710700 604424 608034 638425 644961 
867794 852863 791906 846680 756819 851678 837393 832182 837711 112621 
518777 841094 518938 854178 855082 526681 652561 512013 511893 614417 
41308 883332 892503 222458 711178 216292 222216 442910 920017 872193 
24885 942208 24229 604170 566862 959704 190639 606042 603878 113003 
406634 525276 698987 552424 523751 318436 948607 296110 439158 317673 
41821 702286 318396 61136 701468 204578 268856 580614 150204 434439 
517347 462927 746492 558597 961533 771328 746813 895177 516588 25598 
28952 419537 993680 710265 703185 144727 419670 555565 9150 28391 
655458 847379 640969 876873 833440 677270 894600 994795 893395 893859 
820656 849577 820615 820901 642139 820720 904062 820781 640589 989971 
660029 202852 267130 202758 267036 39995 947403 982013 297475 226846 
559293 580196 559419 645030 644891 559284 644087 559051 667493 217881 
543192 855681 855932 645242 645133 361056 880039 378324 653697 541883 
169473 551442 946518 150550 167053 83615 943252 943884 846132 83503 
563132 84320 84666 893089 901328 42825 456335 428971 562573 718969 
228231 10414 959973 10219 911360 959384 833349 237526 371849 833503 
40166 43398 218750 43025 43114 40215 437911 42931 910480 567574 
225452 674402 986702 294789 676094 675587 367983 924023 374827 375164 
966593 963780 881222 189679 154320 189831 963386 319339 250588 966466 
770018 50497 609861 645188 141815 791150 791690 423374 534503 456934 
106315 373524 129769 642049 736715 815083 106198 102622 458892 906085 
489402 42973 216553 82105 488680 284196 292376 97492 652965 655230 
540362 838673 540370 540403 541996 398344 578317 540358 656641 648595 
999715 998523 996485 536772 699052 997922 800542 536698 549279 655054 
838673 398344 540362 656641 540370 907721 648595 578317 846780 613773 
658501 571122 602860 425193 663017 143410 292862 279078 292380 337907 
44256 221671 321845 904944 528702 600997 675080 188283 684425 854007 
223530 732345 637906 690201 879703 879698 598613 441677 970602 441474 
892900 874546 528051 831162 416067 549325 141618 71834 699892 806686 
43994 232971 158162 158246 664600 254227 193194 272010 472746 131212 
698937 337447 365338 56094 600697 903019 408889 81418 601097 213216 
502245 502305 473549 825327 818778 473791 683074 815117 846011 105356 
473314 56265 189868 897969 86023 915554 340887 922513 881345 796433 
282640 352665 96834 350470 796764 354762 431808 634741 97242 491784 
787645 905226 910855 685644 640173 30116 422583 685106 337011 535320 
487421 524790 524765 323303 92443 308176 636644 83308 636494 744259 
15969 739317 741642 741897 941911 15370 974362 924583 669900 880323 
45203 45753 694318 730761 24382 60223 535537 788179 530264 529728 
516684 496652 496649 496655 450185 516714 569481 283695 449937 30313 
284424 600701 283693 64503 62 324988 518447 868776 151569 516722 
437385 93764 365118 202643 266921 310798 337620 147102 233254 351463 
418450 770215 458062 6974 4574 452195 552021 418142 421910 295124 
925156 941812 932843 948461 520365 109150 783196 550668 598187 930989 
733458 742861 381268 155519 280335 986446 400339 854734 169543 109938 
761627 130407 44355 423418 231624 594475 555957 326302 920039 518471 
347094 514967 68827 535624 347445 736131 430984 420262 282394 413533 
601258 68538 384651 151199 151157 426618 68770 521858 637129 55537 
45203 535537 529728 24382 730761 788179 160284 60223 530264 306146 
524713 632660 498439 292601 174667 754365 662613 421655 389948 389933 
132086 427636 329718 68062 327945 580823 343675 154143 582083 319088 
906624 786794 465932 601298 511379 290248 787026 410651 807854 905815 
612926 649845 245152 966849 747661 202517 266795 233697 711730 586020 
640069 502913 687380 881289 514028 879488 397014 882589 725308 864407 
932544 933125 312738 831902 194126 272942 489466 16342 489355 871505 
771170 460819 614531 95697 127715 450510 454031 780382 781130 792219 
483520 44303 231189 200612 264890 285509 96105 121404 930414 935944 
717436 499332 328528 632118 683521 87259 906919 751935 529232 194058 
53352 52390 459551 55632 49936 57408 57306 57210 56307 592648 
41125 655811 837307 816328 423170 655278 816410 781753 42199 656623 
218435 698138 950904 878551 347388 942850 776443 344222 244894 241357 
31955 44552 648438 530990 325540 353920 406947 262092 553263 368825 
635618 596104 467856 801318 865065 105081 420923 348871 863255 294826 
720321 735593 452756 183251 184365 610186 128111 85900 193530 272346 
16601 468257 863424 862434 79835 20096 261263 468665 731236 101291 
388826 49155 370742 48711 980795 663720 355085 132160 837508 27264 
57212 476399 912900 257577 221104 428859 901146 327091 874479 398605 
436304 368957 383431 437263 370642 707536 202381 266659 436275 296185 
722398 974476 573739 717820 895433 717633 323873 323372 590823 356067 
90552 88129 304021 85696 886736 877585 302113 228205 573979 60805 
626307 988759 695597 175479 147458 670062 208914 487514 148272 388083 
621552 127042 619317 856017 250441 878405 39765 449880 83003 152244 
207888 339463 281043 826997 218848 129191 151364 281763 109170 42934 
168612 769595 437419 399066 168601 617659 437108 183266 839262 449474 
84264 503336 630040 522583 87019 700965 503776 299130 972593 83927 
246535 104906 566217 122199 25044 458336 352787 496921 496757 429310 
773613 89802 318801 347982 118815 675998 391703 402300 89389 163639 
200681 264959 159821 158876 481230 258306 507150 974963 501688 504965 
428627 473517 428608 93113 253094 175452 698693 251155 432652 30547 
213512 440358 250913 422749 381200 423132 502434 421049 338383 310258 
448751 935018 242163 337744 386255 93817 681077 861137 978607 158788 
51180 87489 76442 555993 465020 51099 521185 51825 875130 714681 
122704 782363 8849 839669 564645 8479 842464 226978 896623 932976 
103334 235388 403230 208303 854206 784480 144002 567417 818039 145012 
999710 811106 708538 521431 415922 490493 570343 45452 602112 45549 
247482 33678 238555 913637 411786 901036 410317 247570 461726 408473 
330731 195855 274671 921206 123059 921494 749721 14837 874402 195243 
429325 700657 448229 46753 96666 814835 698105 913657 137910 540807 
845749 585636 96832 984154 374514 983670 374117 772222 166755 878326 
863703 868266 636492 864860 301663 44591 855073 844326 480227 560866 
207928 480202 828149 901658 476766 535461 50564 597438 412161 882299 
997894 23554 23934 23659 639935 189226 23601 785032 780861 785234 
252517 190449 23985 215568 51448 102202 101797 23865 792296 647733 
905093 443701 885935 886062 485495 46935 905032 351678 572911 400672 
42718 43058 42596 217881 43197 637697 43173 580196 95223 94884 
739335 289684 744870 346543 829858 510496 990169 870968 510466 289779 
392079 183571 492781 83075 208740 289363 54880 71194 482426 819950 
178545 324978 528468 743837 341293 528597 130845 29261 59992 524974 
708317 973 121193 147296 219163 706037 239011 463349 32738 807072 
920905 585603 824906 949557 515505 31186 620341 949918 629711 948494 
790282 837975 913049 920469 207102 207048 447882 424247 604870 423726 
833662 463833 833918 729574 727795 392692 383868 920661 588340 999594 
107188 636835 487831 29993 85845 29934 106804 815406 426705 911614 
227431 237547 227781 315195 607607 237133 503179 608178 353719 96282 
207417 749614 144200 207491 929156 241236 617876 583147 590951 929178 
566569 566908 566643 221802 288780 884449 552206 877507 445063 446409 
952933 21734 691906 723030 723255 944625 282305 620763 834459 550498 
850061 407692 850165 477432 139788 440848 400367 540670 800088 118151 
233077 851269 764299 6789 232323 246887 12998 361137 24180 40848 
959935 11070 909421 947227 853521 845851 873193 845802 680451 852387 
401495 24330 751994 894910 25931 315233 722592 632945 688451 240483 
862365 862635 821259 848740 848816 144619 646279 24722 24915 833323 
432083 511070 512911 922999 521870 521990 895271 921717 512145 732452 
467504 305698 719440 70574 430867 42175 238671 324366 397126 931784 
401672 404251 402695 753679 390945 401837 437377 753581 515559 292783 
708024 739566 930037 846261 389018 255364 147688 455313 928518 223085 
541314 100386 609509 61912 724714 313433 309051 88479 428043 718731 
49965 50077 47385 298819 930791 440078 542199 111378 805433 76362 
35578 586433 401171 177385 108591 586053 361923 942290 289833 384300 
375486 257861 751776 79311 840783 855678 375225 29711 345253 463631 
818602 823552 363372 889057 130748 761475 426620 95610 487394 566261 
845754 845586 845608 782646 235846 606739 314699 297294 746316 913294 
901759 995960 62213 478605 477972 800125 64050 861319 810447 345902 
50763 55460 54666 53490 55504 52413 57317 51591 222754 50809 
51545 53370 849654 849717 53312 629846 765438 927922 52824 700140 
699339 113801 140704 593939 339137 662750 33549 511509 337880 634574 
50842 50775 298968 494746 687375 415646 10962 410247 207153 753931 
923055 387717 754653 754668 922644 402871 460597 453639 621086 894859 
50841 50787 50987 124541 399032 415129 206738 271016 50893 415081 
51072 51824 971043 55043 410881 735476 51881 55805 862791 56435 
517041 339959 518477 186716 517652 925436 353678 500218 925047 520978 
51094 51101 640310 576031 230634 232096 769776 306286 429280 231160 
51016 639373 50972 55110 733309 55066 419270 285046 639510 539747 
36477 56723 281490 623663 649641 649161 793149 53027 57720 54593 
899050 572875 899010 899027 16842 931087 879953 719281 669848 719152 
809045 186341 472543 642651 920566 471889 472679 640335 880103 58098 
130361 912551 856979 546926 856590 225679 986872 226929 680047 895086 
205480 269758 204350 268628 206841 271119 82410 83196 75566 82880 
889887 43962 889415 999168 38873 882758 782444 671397 44075 47755 
854738 226253 941121 548402 884456 599311 180935 394861 883423 869752 
477196 680752 824280 718781 375894 512168 410742 285466 906671 680437 
559079 914601 813562 847913 60638 559019 216801 455049 966734 6847 
734218 60658 60357 868335 133145 61516 867642 917398 248944 967669 
905414 824267 824208 542304 946968 15266 893087 13183 777680 919042 
899825 245807 608361 664794 644663 645036 569659 569455 428671 569356 
384010 376923 637321 377077 9219 538219 335265 940306 137639 379418 
487432 489512 487832 636836 123295 68394 107465 487391 526063 487378 
636834 111921 280458 279892 5131 558381 516840 68335 321510 151282 
528267 68497 566191 754442 868355 793013 280869 496219 942684 521366 
304994 158173 420873 534010 77308 600748 771924 87451 279961 719538 
668957 86576 90092 578709 579754 30345 525428 918786 517136 525711 
68451 368868 68909 427750 427521 31390 305270 97264 369985 321573 
306172 370774 942736 711185 58714 78543 110061 807007 806818 548420 
339087 865202 678437 68764 670849 881293 11256 882948 781479 678377 
70214 69125 280898 292204 294403 473079 134 261521 684162 215078 
749703 188521 68717 68639 188526 262271 49527 262175 458218 90128 
68502 68806 69259 493060 380866 524750 379731 60830 91942 60293 
68951 804473 682434 947841 206983 768176 528747 429729 384763 600976 
406015 843696 899252 842903 736065 869999 223891 223985 604346 199778 
939764 58118 68217 222713 650744 899198 930194 868731 680051 554809 
70759 487871 487840 85718 45520 973399 973897 677821 87578 367473 
69235 68707 7549 475525 16742 422935 230415 423133 48484 232153 
69245 68824 48539 307683 95998 94905 83037 11114 510416 431331 
71333 78753 405080 98663 296891 261442 421264 363624 600679 469891 
634117 68470 636417 530110 79492 230421 338186 517414 68567 66742 
68750 69088 59122 71782 76025 59090 726626 843258 503364 594956 
235643 601362 502218 698905 601798 231434 478684 574173 806497 389905 
117781 701930 943319 701771 992272 704108 431552 16559 724972 845452 
79545 339681 351507 680078 492459 514363 177182 712800 109298 306950 
68682 69260 58732 662468 142858 516209 608766 535494 554891 136817 
158266 576547 126854 171347 615190 740703 71701 748085 294404 140309 
689837 20060 438947 502975 122274 313306 689815 839538 658631 187351 
69299 60184 918936 670208 668047 416419 519128 876179 868044 519429 
68562 83057 40560 89265 351064 525423 91341 336704 111866 335264 
16573 16504 541558 466664 293542 293880 922857 365573 293180 441885 
877311 880029 112890 69426 393923 733016 914689 49886 933786 931992 
69401 69812 70299 60859 60704 60251 61464 133979 379986 487395 
715533 362232 363166 844271 844697 927925 351571 118988 520761 946344 
495056 494580 450633 415534 429808 464979 450793 524828 495737 595945 
52248 475754 322505 887749 543750 687084 637703 53327 877803 44870 
254303 932436 919017 933756 174278 91961 13549 848159 543830 348549 
71185 819856 411860 511102 223968 621083 357725 279328 321240 311715 
68794 709947 176451 238477 914292 240297 338504 324334 504822 364426 
730006 991996 565745 751465 247203 197546 276362 248146 610802 813019 
69575 75005 71693 60367 70446 63941 60656 106733 346247 608754 
522239 112067 973222 45432 971914 464996 875132 684097 296028 281790 
548369 206777 271055 112477 245027 112636 569327 31717 723802 31577 
73753 528134 394883 152047 549819 723027 386386 506797 513324 68822 
70830 70247 448396 464841 551017 417093 448468 550353 417142 448471 
594438 260656 322965 968432 877828 597879 396684 235734 200553 264831 
69905 69307 69237 255760 629477 352357 546389 789430 522753 540744 
73177 71142 70482 76158 135598 925834 998237 997881 903051 788246 
596851 596782 74120 533494 997165 18688 750954 293622 18002 296222 
82779 88065 570953 899240 548100 425842 930257 679236 441674 88382 
955543 61759 216175 315795 224017 296853 139029 913809 81173 921763 
605612 372337 71433 71755 379216 717391 379354 235664 415953 233049 
99652 548530 390756 799186 959577 628161 741488 171579 99331 487021 
69455 69725 870133 304651 870883 551023 631541 874111 630936 870223 
452352 502627 459096 10600 412637 9372 382388 10671 454087 690787 
139695 94701 465943 139201 296406 124559 62332 324234 860807 94914 
684750 54731 53639 204184 268462 476676 683506 936762 441295 467937 
70621 70555 833933 745981 367212 569704 472412 279285 397830 481921 
920102 730490 384215 946297 437380 878503 676331 296084 577880 890122 
140632 141201 59155 81774 833461 703260 352867 748428 532999 868469 
72028 71459 683536 35569 925196 859689 926291 545130 925876 17700 
188295 188445 101280 238927 66799 68203 238603 294307 799244 240299 
69911 69863 62023 70658 71709 628579 60337 74056 225760 224492 
69053 69564 164816 696664 394882 982944 669536 787061 156006 696157 
565346 561777 317730 662083 917344 418595 997525 409156 197986 276802 
962339 401739 248735 936623 195923 274739 877082 248480 830659 3353 
85446 70503 89164 491532 228591 297974 72714 156568 458976 557734 
840624 841343 179308 492590 840784 518637 258072 516665 178147 278938 
548881 157491 610187 313838 470684 190933 624960 665184 965504 524879 
71224 124123 131703 680055 518241 526081 75879 917500 517834 573729 
943319 178033 470468 433178 785753 116467 941809 79546 941525 390306 
75303 77022 60327 336429 61472 922776 134835 71816 122324 805492 
74745 407929 189234 790499 775717 326655 329380 88911 687762 679057 
69828 71783 111014 48703 941783 67189 68987 694164 364050 941268 
809232 219151 841708 612660 491332 16258 198608 277424 92908 197440 
822648 178065 433295 505397 179316 703917 791310 240097 823018 499775 
70784 60650 70942 59819 116647 583973 453666 62770 60272 584624 
804072 278806 337671 367163 340560 820127 350382 280009 736908 472241 
75615 72270 288440 331730 969709 389771 883281 564001 488637 897959 
71021 843840 76270 382052 200888 265166 804609 209608 833353 123000 
70848 58749 935518 802572 285978 505492 506694 111250 111394 70750 
570994 324432 571475 206864 271142 220798 425186 95102 94623 976170 
71681 174301 803263 536567 678340 678752 988632 397108 989405 393375 
435613 663052 73118 70548 232164 448883 71971 596749 515889 721641 
278878 337005 94438 94357 305010 408928 410043 352540 428582 364320 
73335 61189 63275 66320 949819 941641 63868 763769 947258 841372 
549245 548236 981066 18235 19187 883919 320516 215902 578746 61830 
71141 75172 61296 66519 322812 60563 204434 268712 338350 47973 
731140 437067 252428 718902 458315 731069 138239 136999 401524 251264 
232848 321574 86530 495956 529410 79994 517225 494857 61056 233299 
71675 71497 59949 754781 732534 61180 78784 173598 929934 335454 
75846 161460 257085 256663 972889 257486 386389 258736 514899 964389 
64434 71626 950971 60700 86996 393439 90231 326078 70152 980255 
60993 804514 62187 834800 60196 179611 469475 400237 877701 724963 
76314 17771 90370 91364 236641 148517 557207 749782 860577 72305 
909714 41480 696388 909204 974221 399050 593066 914435 933632 142192 
75105 429838 109944 575601 66120 117053 510763 529220 320713 574819 
398562 911613 920586 26068 163501 240841 407968 44542 235859 670155 
105723 334790 593043 35020 75439 657709 593773 33720 166607 725935 
77569 75597 321744 106967 123295 60137 305063 79995 814600 68415 
129138 105167 93315 547593 817457 321724 381919 502455 547563 339875 
622041 50876 793033 50736 378618 460360 889853 45151 663205 797920 
185021 435659 955205 184739 73181 384544 179235 72207 94944 13778 
507714 620941 621253 725904 959734 726520 361932 936628 692001 391632 
82304 94751 517476 300464 844733 844312 354955 35326 339968 453250 
895910 104667 839798 954087 169314 949820 58254 943790 570936 959129 
325165 365217 393284 123157 763255 658533 719648 281574 122416 467604 
75695 78721 77215 77188 77250 78470 566804 730798 793488 781475 
57557 53358 693705 56427 489613 42450 6831 57592 637431 637288 
76263 65979 205930 270208 594721 410099 410367 912043 710940 11336 
662480 225788 412231 661414 831325 899356 876645 100059 224411 876672 
74767 76346 57879 966231 886978 967155 304393 73597 75536 327113 
70819 74730 70507 71983 753211 215255 194301 273117 208986 198431 
71535 60918 60823 63688 46901 46951 522422 72068 755026 285888 
105945 105201 563496 485046 530777 607801 483709 528587 243253 926354 
73833 475169 193753 272569 835913 475531 576876 206875 271153 199451 
527703 73113 73966 75391 630044 863812 635591 93458 598368 201900 
88685 304371 370005 829265 369965 606208 859621 494739 540363 456045 
75040 64732 517128 520004 517710 244465 744203 542281 257039 736415 
380809 415765 611010 381688 741053 635949 522345 123616 138464 52638 
474415 752324 810956 500460 357850 574386 152125 800362 448856 840162 
294098 337381 49066 88110 781059 366777 719747 551957 252445 761563 
183874 573779 505719 380821 611904 860568 137778 896260 613636 15561 
73516 76023 73051 822850 749901 576109 390959 76038 91349 533591 
74490 62420 73645 75291 345035 222417 405437 405272 880179 421935 
285653 392164 464141 281722 328752 704963 704292 249719 291414 343938 
688911 688642 689464 566650 88995 832283 451936 245769 859240 876777 
73618 792766 908905 648210 802629 534668 653363 711062 709913 647068 
75723 77995 310197 506920 535002 535308 434638 345702 141346 253601 
761595 593817 311640 281689 313710 326851 282435 875667 900430 587311 
79006 77117 468338 467900 634924 551777 303355 632749 433261 832449 
395616 660149 156092 73499 582780 40409 245806 261729 706827 580927 
318266 834026 70614 547618 57613 544345 589116 839757 687115 170700 
706660 19664 682203 333195 682097 319329 232031 975803 93776 923627 
70971 84214 202257 266535 678670 525905 385480 165074 698728 703507 
73113 186059 111738 232144 628239 947977 966740 701955 947666 503711 
72422 240741 245921 519083 503813 311758 327052 569004 344698 35026 
806445 806592 909429 527373 238503 8987 705962 682422 497779 10947 
77208 484725 509399 332907 111565 292579 86529 372724 262483 87938 
561145 15351 13449 225311 549950 481684 822949 412973 742656 318468 
75856 424176 17030 17344 248054 461524 71298 831328 78600 137469 
667968 987828 195955 274771 987865 670288 864587 989325 701824 987068 
73406 76167 627562 537732 75347 860517 37242 255831 860531 925440 
73216 71677 488605 503833 491313 94631 94381 284882 488358 488252 
509048 18524 633844 18038 509641 454385 660673 80660 245276 453973 
73229 72010 75600 648046 956616 987160 157231 648045 987901 805470 
678407 550439 172684 791235 354014 994933 459593 367101 635472 459988 
61190 882906 375383 73337 885599 76277 573338 63276 118867 672037 
77686 74808 75387 76523 67122 258872 259380 718475 311557 480895 
78418 77872 853958 14263 14130 62671 752880 752550 153989 746599 
895804 517000 593271 636222 67250 671939 4274 519779 389027 513585 
74452 875937 875081 175394 74657 768598 422195 125791 192137 707001 
585370 64564 594678 710127 91062 425131 739441 659797 835247 246963 
77359 75519 64995 73926 63090 66702 63725 843170 63016 405464 
822037 258367 416926 600930 293730 191327 496769 457774 659821 121600 
75614 680253 855897 846367 848710 861246 321391 753035 68257 689636 
338233 453045 293101 735395 740762 566443 452959 293599 637229 72369 
882509 184675 595373 183977 92293 745101 467909 370264 932451 461282 
73901 157802 504390 747870 747960 506839 82885 504934 52555 48012 
202613 266891 801816 991165 56087 598437 845047 879097 916294 171961 
909204 546908 539417 194818 273634 488552 419716 546752 922460 957316 
74553 75749 253079 52327 53635 921066 882244 921521 895336 910560 
512533 1519 798958 1703 632943 460996 935261 460687 719040 508651 
74539 61381 73988 63470 76319 71433 72431 790741 63125 209072 
533447 107410 480590 287227 484333 556751 302961 301196 401481 48850 
860292 108195 106674 476159 101128 228070 297765 145554 456277 141514 
507464 487139 316373 706795 331812 74890 500551 86663 750137 308151 
349613 370966 409742 225463 407947 616765 411045 116277 493369 478018 
79298 92350 387331 665513 920830 659318 647389 920204 708540 93933 
77214 75694 78720 861896 78469 77249 789493 408909 591168 77187 
77215 75695 78721 78470 125940 123746 566804 77188 105709 77250 
724507 806603 521252 127733 632151 513714 92727 738946 59833 95205 
76803 76915 384195 4199 285034 910607 288954 142759 9510 450163 
844900 799305 180441 377090 179623 983239 314366 551241 618372 403123 
77084 67598 73282 75727 64451 71158 61558 61845 162381 143406 
756518 519783 192533 271349 524222 735057 469434 986913 941456 527953 
101784 101619 186085 203915 268193 384039 468941 501851 670834 620828 
373751 101358 20562 133842 326438 373779 630855 115118 138897 340959 
408352 843944 346964 553950 335201 127212 144435 960193 614200 728775 
36400 918827 36272 541956 918851 887327 69629 541909 36505 803632 
937219 490611 699807 665312 699683 135886 377056 192279 136221 613366 
820148 763256 59196 35824 702912 598290 93016 78216 769495 762953 
